Y COLLECT: 
12565.023
12561.317
12611.452
12688.225
12688.225
12673.159
12673.159
12500.528
12436.617
11797.287
11764.709
11792.067
11446.406
11446.406
11463.068
11265.98
11140.697
11094.357
10802.03
10806.727
10064.873
10098.38
11177.113
11042.784
11101.886
11132.309
11504.458
11427.38
11379.808
11389.399
11790.482
11778.791
11994.799
11994.799
12780.015
12738.458
12366.531
12351.284
12362.189
12362.189
12355.355
11878.958
11908.284
11908.284
11337.16
10788.739
11000.351
10936.918
10679.905
10675.154
10671.688
10677.908
10772.176
10453.565
10322.214
10075.529
10037.695
10037.695
10034.747
10017.706
10017.706
10035.492
10030.23
9995.3122
10032.446
10643.474
10767.039
10785.395
10785.395
10781.803
10782.315
10768.321
10760.62
10692.117
10654.904
11049.277
10316.778
10316.539
10326.657
11080.256
11088.064
10769.052
10776.24
10776.24
10432.018
10432.018
10788.425
10796.682
10784.07
10790.128
10887.947
11003.352
11292.206
11790.004
11746.199
11824.415
12237.286
12577.239
12906.061
12799.972
12223.959
12223.959
12267.021
12267.021
12275.66
12275.808
12204.14
12205.636
12196.679
12193.302
12375.04
12739.739
12256.353
12277.928
11669.407
11645.014
11771.581
11771.581
11777.873
11814.022
11814.022
11779.675
11144.041
11116.701
10757.902
10782.087
10781.585
10797.728
10712.621
10720.957
10720.957
10592.788
11811.777
11827.525
11825.469
12134.396
12136.878
12076.159
12036.909
11978.707
11978.707
12007.007
12204.561
12205.582
13001.417
12966.85
12967.53
12963.694
13384.767
12875.519
12699.087
12699.087
12436.553
12413.429
11442.476
11456.915
11371.628
11366.921
10829.367
10829.367
10830.661
10830.661
10781.086
10734.777
10805.131
11175.197
11175.197
11153.697
11132.145
11077.725
11147.461
11174.736
10572.149
10878.412
11473.227
11597.392
10555.664
10565.457
10603.693
10616.927
10506.923
10293.182
10244.269
10248.834
10421.075
10478.156
10183.693
10183.693
10185.745
10683.386
10667.949
10700.85
11009.953
11008.812
11644.437
11646.61
11646.61
11646.61
12555.217
12524.126
12537.83
12560.087
12200.205
12393.054
12619.283
12619.283
12696.404
12231.941
12183.209
12183.209
11542.517
11559.404
11558.992
11669.476
11681.629
11671.515
11684.113
11140.376
11076.665
11041.755
11006.477
10944.106
10948.77
11173.994
10641.112
10651.996
11062.508
11678.146
11640.247
11641.324
11635.63
11635.63
11658.054
11643.744
11964.759
11997.156
12025.053
12047.286
12013.808
12014.778
12024.742
11860.397
11916.372
11870.372
11134.547
11155.139
11187.198
11431.889
11415.031
11431.175
11408.406
11258.359
11120.113
11120.113
11111.228
11136.616
11156.928
10732.53
10531.997
10531.997
10531.997
10530.271
10411.66
10390.642
11777.215
11997.176
12006.142
12006.246
12017.541
11660.086
11660.086
11655.913
11261.853
11261.853
11166.567
11909.107
11772.881
11382.738
11439.56
11419.266
11401.123
11386.881
11109.437
11162.78
11166.097
11166.097
11273.707
11337.911
11337.911
11176.834
11278.634
12004.781
11517.455
11525.993
11469.258
11469.149
11154.547
11190.729
11136.625
11111.481
10713.031
10713.031
10731.786
11098.904
11098.904
11088.881
11185.202
11161.994
12371.32
12401.548
11822.113
11810.934
11839.012
11824.583
11824.583
11774.035
11781.843
11500.18
11472.063
11472.063
11481.19
11629.494
11258.523
11263.053
11254.109
11179.398
11194.609
10688.629
11018.697
11018.697
10789.414
10789.414
10761.64
10681.184
10520.928
10778.682
10927.266
10851.249
10851.249
10865.823
10865.823
10859.685
10767.802
10762.249
10775.675
11692.104
12203.168
12674.616
12615.668
12400.999
11961.693
11965.76
11321.139
11253.991
11297.154
11252.799
11240.585
10625.982
11128.412
11081.403
10816.593
10816.593
10769.995
10811.807
10811.807
10898.684
10616.546
10781.651
10758.961
10762.262
10780.74
10763.53
10746.57
11201.947
10209.936
10209.936
9823.7275
9831.8848
9862.3758
10464.032
10432.798
10450.611
11151.333
11167.492
10610.25
10586.078
10767.153
10666.396
10678.353
10445.487
10445.487
10981.92
10977.554
11002.818
11002.818
11163.199
11287.819
11287.819
11656.294
11656.04
12030.462
12033.938
11448.575
11448.575
11466.332
11444.085
11440.758
12028.534
12046.956
11515.82
11724.798
11733.287
11604.58
11556.703
11612.462
11645.604
11046.432
11125.448
11201.39
10914.27
10485.108
10515.35
10465.833
10507.07
10520.59
10520.59
10215.662
10290.726
10771.646
10718.772
10718.772
10600.799
10589.111
10619.657
10147.749
10146.894
10767.096
10757.509
10780.968
10773.337
Y size: 440