OUTPUTS 
mu: [ 1.36571813e+02  1.01986875e+01  3.66409875e+01 -2.03845312e+01
  4.33265625e+01  1.23997455e+03  7.37079656e+02  5.10949500e+02
  0.00000000e+00  4.37250000e-01 -6.00534375e+00 -9.29221875e+00
  6.15523734e+02  9.34515469e+02  3.22406250e-01  1.24530187e+02
  1.40735813e+01  5.29655906e+02 -2.55115312e+01  2.49405656e+02
 -2.71173094e+01]
mu_star: [136.5718125000003 31.86131250000028 44.37626249999977 34.33996875000065
 66.48018749999994 1239.97455 737.07965625 510.94950000000006 0.0
 0.43725000000006276 8.855343750000031 92.07009375000035 615.5237343749993
 934.5154687500004 24.876843750000603 130.9702499999996 32.21885624999993
 533.9102812500003 46.20496875000009 249.40565624999994 30.67868437499959]
sigma: [ 66.4562696   40.29938185  47.91550542  38.68906926  83.57513915
 184.17647729 275.65082303 181.53096688   0.           1.95544145
  14.51713556 148.30623016 144.86694157 246.14631348  34.34117716
  91.10895318  36.64961239 369.91859606  54.03897253 110.17900011
  38.13680344]
mu_star_conf: [34.311134813246476 11.453825963601478 17.060918142149546
 10.760689812942356 31.273701416189702 80.94981805784519
 112.69776469806128 74.49944623588001 0.0 0.8343616060979685
 5.154811668131104 51.02155120293466 61.90958664446092 96.02833581559642
 9.664938623593102 34.29764448534719 10.012406026723628 138.81890701269182
 16.973798539499217 42.33085763408145 14.515471130609644]
